50 mix predtrain /www/logs_libmtl/food101_swin_t--EW-HPS-202307301919/checkpoint_epoch_10.pth
TEST: 0.4851 0.8730 0.9774 | 0.0414 0.8266 0.7521 0.7874 0.8776 0.8200 0.8099 0.8093 0.7517 0.7774 | Time: 119.1074
afire
TEST: 0.6111 0.8433    nan | 0.0526 0.8595 0.8968 0.8776 0.8784 0.8947 0.8518 0.8782 0.8871 0.9018 | Time: 135.6416
TEST: 0.7125 0.7941    nan | 0.0499 0.8090 0.8751 0.8406 0.8423 0.8697 0.8100 0.8404 0.8633 0.8674 | Time: 136.7847
TEST: 0.7255 0.7937    nan | 0.0477 0.8005 0.8762 0.8365 0.8494 0.8710 0.8167 0.8391 0.8646 0.8656 | Time: 135.8798



50 without afire
multiclass_LOSS Top_1 Top_5 | multilabel_LOSS MICRO_PRECISION MICRO_RECALL MICRO_F1 MACRO_PRECISION MACRO_RECALL MACRO_F1 SAMPLES_PRECISION SAMPLES_RECALL SAMPLES_F1 | TIME
TEST: 0.5651 0.8729 0.9762 | 0.5452 0.0501 0.0456 0.0478 0.2215 0.1995 0.6632 0.0509 0.0436 0.7286 | Time: 131.6221
TEST: 0.5651 0.8735    nan | 0.5534 0.9044 0.9066 0.9054 0.9087 0.9084 0.8823 0.9037 0.9037 0.9240 | Time: 145.2898


10 without afire
/www/logs_libmtl/food101_swin_t-labeled_10_-EW-HPS-202307291951/checkpoint_epoch_13.pth
TEST: 0.8982 0.7711 0.9422 | 0.0669 0.7194 0.5527 0.6248 0.8084 0.6373 0.6624 0.7063 0.5596 0.6307 | Time: 119.4574
all test
0.3TEST: 0.8982 0.7738 nan | 0.3406 0.8231 0.8264 0.8247 0.8079 0.8043 0.7872 0.8253 0.8257 0.8629 | Time: 136.3422
0.4TEST: 0.8982 0.7738 nan | 0.3406 0.8229 0.8265 0.8246 0.8058 0.8030 0.7839 0.8253 0.8258 0.8628 | Time: 134.5148
0.5TEST: 0.8982 0.7730 nan | 0.3406 0.8221 0.8261 0.8240 0.8068 0.8047 0.7860 0.8246 0.8253 0.8622 | Time: 134.8100
0.7TEST: 0.8982 0.7721 nan | 0.3406 0.8207 0.8255 0.8230 0.8056 0.8025 0.7827 0.8240 0.8248 0.8615 | Time: 133.8583
sub test
0.3TEST: 0.8549 0.7803 nan | 0.3496 0.8260 0.8323 0.8291 0.8054 0.8111 0.7886 0.8280 0.8291 0.8718 | Time: 27.0187

30 without afire


70 without afire
/www/logs_libmtl/food101_swin_t-labeled_70_-EW-HPS-202307292245/checkpoint_epoch_42.pth
TEST: 0.5938 0.8835 0.9772 | 0.0284 0.8800 0.8665 0.8731 0.9007 0.8905 0.8655 0.8695 0.8614 0.8679 | Time: 119.7286
0.3TEST: 0.5933 0.8853 nan | 0.6249 0.9123 0.9166 0.9144 0.9154 0.9184 0.8901 0.9127 0.9129 0.9300 | Time: 97.9250

90 without afire
/www/logs_libmtl/food101_swin_t-labeled_90_-EW-HPS-202307300842/checkpoint_epoch_17.pth
TEST: 0.4286 0.8935 0.9827 | 0.0291 0.8704 0.8516 0.8608 0.9056 0.8867 0.8665 0.8591 0.8459 0.8520 | Time: 119.5375
0.3TEST: 0.4249 0.8957 nan | 0.5487 0.9198 0.9262 0.9230 0.9122 0.9166 0.8987 0.9203 0.9220 0.9370 | Time: 123.3534

试一试预训练的模型
试一试 30%测试集的准确率